3230559 20 0244.0124.0264120
3484062 11  242.0141.0206 94
3568665 10 0235.0100.0240297
3573556 1120200.0120.0217 72
3351661 10 0200.0125.0265256
3469763 30 0196.0102.0161 88
3382758 10 0195.0 90.0294127
3346766 30 0193.0132.0280 73
3563665 2120192.5110.0212 71
3609445 2120189.0 87.0234 90
3535361 10 0189.0121.0217100
3546966 10 0188.0 92.0280101
3266046 20 0188.0123.0184   
3538265 10 0186.0109.0202 75
3590764  0 0185.0 97.5218 79
3609652 11 3185.0114.0210 83
3662758 11 8185.0105.0      
3530061 10 0185.0121.0      
3561157 10 0184.0106.0233 40
3353961 30 0182.0121.0272 65
3234863 1110182.0 92.0213 63
3592152 40 0181.0112.5264 77
3255352 1120180.0114.0161104
3464865 1120179.0 96.0246 76
3431753 10 0177.0 75.0212285
3336762 10 0176.5 92.0186 60
3654364 30 0176.0 78.0195370
3573851 2130176.0 99.0295   
3643359 10 0176.0 98.0317 63
3277465 30 0176.0 95.0242103
3313766 10 0175.0 67.5200 93
3205345 3120175.0114.0238 70
3583252 30 0175.0 85.0350 63
3523244 10 0175.0101.0208193
3465548 21 5175.0110.0150   
3390446 30 0172.5116.5295 77
3304363 1143172.0 82.0253137
3311658 1140171.0 95.0231 77
3572365 10 0171.0 89.0245 93
3398858 10 0170.0104.0268 75
3569958 1120170.0 98.0156   
3284036 40 0168.0 98.0212 75
3594051 1120168.0102.0239 68
3591355 10 0168.0 82.0305 78
3474846 10 0166.5107.0239 70
3598956 10 0166.0107.0254 83
3365049 40 0166.0 98.0280 72
3422338 2110166.0 96.0186 75
3393643 2140165.0105.0220114
3387760 40 0165.0 77.0232 57
3640955 20 0165.0106.0293 79
3365256 1120165.0112.0300 78
3411956 10 0164.5102.0290105
3637460 11 5164.0 94.5239 89
3649357 40 0164.0100.0236 67
3397261 10 0163.0112.5240 82
3590462 30 0163.0 89.0180 83
3380160  0 0163.0107.0242 71
3362162 10 0162.5 93.5312 83
3557965 10 0162.0 98.0244 82
3343955 20 0161.5 95.0250 83
3242643 10 0160.0 85.0257 84
3645845 40 0160.0105.0252 83
3267264 1110160.0 98.0      
3202562 20 0160.0 90.0326 84
3421959 30 0159.0102.0223 83
3612756 11 7159.0 91.5222 80
3290663 11 9158.5 90.0281   
3422249 21  158.0102.0233 72
3395465 10 0158.0 90.0223 93
3606856 10 0158.0 70.0206 88
3244550 3140157.0 88.0175 85
3585657 2110157.0 80.0272 95
3524064 10 0157.0 71.0270 93
3520239 20 0155.0110.0285 70
3217464 10 0155.0 86.0273 91
3287847  0 0154.5103.5279 60
3496651 1120154.0 96.0195 75
3415155 21 9154.0 87.0265 66
3448546 1140154.0 91.0210 82
3526357 20 0153.0 87.0286 83
3536954 2110153.0 80.0246 74
3529257 10 0153.0 85.0432 75
3671466 10 0152.5 90.0290 76
3627960 30 0152.5 85.0232123
3385163 10 0152.0 88.0150170
3413350 10 0152.0 99.0227115
3605067 40 0151.0101.0259 86
3675561 20 0151.0 89.5239 88
3255257 10 0151.0 95.0266109
3355565 10 0150.0 77.0167   
3246754 20 0150.0 93.0321131
3677548 2120150.0105.0258 60
3631746 30 0150.0 88.0305 75
3314341 30 0150.0 92.0250 85
3626166 10 0150.0 74.0312 90
3408563 1120149.0 90.0252 83
3434056 40 0149.0 98.0287 75
3244859 20 0148.5 90.0201 83
3347563 40 0148.0 93.0261 75
3534763 40 0148.0 85.5210 88
3659339 21 9148.0103.0273 74
3647259 20 0148.0 98.0207 93
3265959 30 0148.0 89.0282   
3376855 11 6148.0 94.0274 65
3452457 10 0147.5 87.5176100
3483551 1110147.5 95.0201 67
3540744 1140147.0103.0262   
3660049 10 0147.0102.0304 77
3309856 11 1147.0 94.0280 85
3422747 2143147.0 81.0218   
3409954 1120147.0 74.0214 87
3264355 20 0146.5 80.0271 89
3465957 10 0146.0 76.0258 87
3461340 4130146.0 93.5267 89
3416152 30 0146.0 89.0240 73
3605362 10 0146.0 82.5309 71
3275457 10 0146.0 94.0263   
3381558 1120146.0 85.0235 71
3240962 1120145.5 87.5270 67
3606068 1115145.0 67.0193 72
3206942 2130145.0 95.0283 84
3516558 30 0145.0 94.0232 80
3557360 10 0145.0 81.0270 73
3537944 40 0145.0 85.0254137
3295155 10 0144.5 83.5245 65
3490963 20 0144.0 90.0276 78
3471849 10 0144.0 91.0286 67
3653562 10 0144.0 80.0208 66
3645367  125144.0 84.0221 73
3424742 20 0144.0 78.0227 97
3211147 11 9144.0 92.0214 57
3653359 10 0143.5 92.5254   
3652063 30 0143.5 89.0241 80
3223055 20 0143.0 82.5256 90
3555458 20 0143.0101.0210 80
3433164 41 6143.0 84.0239 73
3372942  115143.0 92.0222 89
3577258 10 0143.0 76.0282 92
3444550 10 0143.0 90.0234 86
3260858 1120143.0 98.0192 68
3296642 20 0142.5 90.0249 82
3375140 20 0142.5 95.0170 62
3474753 1115142.0 88.0260 77
3635638 4110142.0 93.0226 63
3313859 10 0142.0 79.0410 90
3550352 40 0142.0 87.0309110
3641761 10 0142.0 93.0220 79
3616346 20 0142.0 91.0280 65
3394344 10 0141.5 93.0263 74
3634140 2115141.0102.0246 67
3312661 30 0141.0 80.0257 60
3494343 20 0141.0 89.0200105
3658360 21 3141.0 93.0314 94
3339042 1120141.0 92.0199 60
3657447 2120141.0 93.0296332
3519662 20 0140.0 93.0229111
3619257 41 9140.0 94.0382 70
3683745 11 5140.0 94.0272 79
3236851 3120140.0 80.0251   
3200650 1120140.0 82.0213 72
3489259  0 0139.0 82.0281 75
3237842  1 9139.0 91.0165 83
3324951 31 5139.0 81.0248 95
3484954 10 0139.0 98.0273 73
3636355 2120139.0 90.0246100
3687460  120138.5 87.5212 73
3450459 10 0138.5 85.0258103
3548763 11 6138.5 77.5256 84
3506960 10 0138.0 87.0275 86
3288062 10 0138.0 82.0261 77
3576640 1143138.0 91.0216   
3612867 10 0138.0 76.0256100
3220166 20 0138.0 91.0124 96
3584144 20 0138.0 92.0210 92
3613356 10 0138.0 97.0215 69
3562044 1120137.5 87.5232 70
3344837 10 0137.5 88.5184 68
3527347 10 0137.5 88.5265 90
3377658 10 0137.5 89.5234 72
3694855 30 0137.5 87.0238107
3210639 11 5137.5 77.5170 70
3676445 21 9137.0 82.0208   
3388849 31 1137.0 79.0248 74
3487738 20 0137.0 82.5209 84
3560447 2115137.0 87.0253 81
3673147 1120137.0 91.0284 61
3231159 3115137.0 83.5342140
3444054 30 0137.0 84.0292 94
3269740 30 0136.5 89.0180 77
3635746 10 0136.5 92.0235 89
3566156 4130136.5 97.0303106
3239457 10 0136.0 84.0220 64
3540253 1140136.0 73.0232 73
3452152 20 0136.0 94.0202 67
3685855 10 0136.0 70.0211 83
3484349 11 5135.0 86.5350 83
3251544 10 0135.0 81.0175   
3369144 10 0135.0 88.0234 83
3526053 30 0135.0 87.0280 80
3381049 10 0135.0 89.0305117
3643564 21 3135.0 80.0315 89
3564862 40 0135.0 97.5241 96
3353150 1120135.0 80.0239 67
3383839 1130135.0 85.0220 81
3672161 11 9134.5 87.0259 91
3201644 1120134.0 80.0260 81
3536054 20 0134.0 87.0200 86
3371246 1120134.0 96.0247 72
3677741 40 0134.0 87.0197 75
3512158 3120134.0 81.0281 74
3585944 1120134.0 88.0193 77
3548057 1143134.0 90.5185103
3518042 20 0134.0 82.0211 80
3409452 20 0133.5 83.0269107
3497164 20 0133.0 82.0280 65
3514745 10 0133.0 87.0218115
3556245 20 0133.0 83.0262 92
3207339 3130133.0 86.0196 80
3295939 30 0133.0 87.0190 80
3211341 10 0133.0 90.0252 64
3606457 2110133.0 72.0238115
3541950 2130133.0 88.0249 75
3672559 20 0133.0 97.0266 70
3245359 10 0133.0 91.0226 79
3361747 1143132.5 85.0252 80
3270366 10 0132.5 85.0275   
3294447 4110132.0 95.0214 77
3245735 2120132.0 91.0225 83
3503259 10 0132.0 80.0225 88
3411560 10 0132.0 82.0275 62
3273144 30 0131.5 76.0270113
3371351 21 6131.5 89.0190100
3466752 30 0131.0 99.0238 86
3669953 11 9131.0 87.0278 74
3359443 21 9131.0 87.0229 74
3465643 2155131.0 85.0264 67
3620848 10 0131.0 88.0270 55
3597040 20 0131.0 85.0157 78
3565863  110131.0 73.5271107
3478246 1120131.0 81.0288 80
3253538 21 5130.5 85.5243 79
3467555 1130130.0 85.0230108
3313353 2110130.0 86.0276 56
3263835 20 0130.0 68.0216 90
3467647 2120130.0 78.0237 75
3470845 1120130.0 87.0218 64
3644544 2140130.0 90.0189 64
3317843 2120130.0 83.5153   
3553239 10 0130.0 72.0213 78
3418155 10 0130.0 82.0252 85
3559660 31 3130.0 72.5270102
3541561 1115130.0 80.0206 82
3294242 1130130.0 91.0232 70
3450043 20 0130.0 80.0237   
3633542 2130129.5100.0270 88
3213351 2120129.0 72.0244 80
3265257 10 0129.0 75.0262 95
3407444 30 0129.0 93.0257 76
3287246 3120129.0 83.0259 84
3277555 10 0129.0 81.0227 74
3590345 30 0128.5 87.5230 62
3470656 10 0128.5 75.0243 89
3482650 1130128.5 82.0203 84
3290957 30 0128.5 87.5238 89
3527041 30 0128.5 74.5166   
3496242 3143128.0 83.0272 63
3659148 10 0128.0 86.5215 85
3455954 1120128.0 74.0245 75
3328649 2117128.0 89.0211 76
3276537 3130128.0 84.0243   
3230251 10 0128.0 90.0198 75
3623253 2120128.0 77.0314 78
3565144 1120128.0 94.0214 66
3358555 1120128.0 94.0233 95
3671554 21 3127.5 83.0231115
3415243 4120127.5 81.0184 75
3601767 10 0127.5 80.0214 84
3651345 10 0127.5 83.5238 78
3265755 10 0127.5 83.5250 73
3392740 10 0127.0 82.0137 71
3478850 10 0127.0 80.0258124
3234364 10 0127.0 77.0280 78
3591160 30 0127.0 70.0328 63
3333562 3120127.0 79.0245 73
3370547 3115127.0 93.0220 57
3298644 2115127.0 86.0209 88
3544451 3143126.5 80.0207 68
3480956 10 0126.5 76.0260 70
3636050 30 0126.5 84.0208 79
3543262 20 0126.0 75.0317 86
3503960 4130126.0 79.0243 65
3515351 3120126.0 78.0163 78
3220750  0 0126.0 88.0200 76
3550545 30 0126.0 82.0258 70
3308636 2130126.0 87.0310 78
3441444 30 0126.0 76.0213 84
3500342 21 9126.0 81.0195 77
3623440 31 5125.5 80.0143 95
3349039 20 0125.0 86.0252 93
3532948 10 0125.0 84.5204 75
3374857 10 0125.0 72.5320 82
3276758 2110125.0 75.0226 73
3278357 10 0125.0 83.0219115
3346555 1120125.0 93.0244   
3695652 1120125.0 88.0239123
3478453 30 0125.0 80.0218   
3323043 1115125.0 76.0175 95
3525556 1160125.0 79.0246 85
3516661 11 7125.0 82.0176 75
3385742 1120125.0 86.0234 70
3466455 20 0125.0 80.0273 67
3232950 20 0125.0 85.0312 94
3348455 3120125.0 80.0216244
3593436 20 0125.0 85.0176 83
3275137 20 0124.5 92.5225 83
3271342 10 0124.0 82.0216 67
3220838 2120124.0 87.0279 75
3331548 30 0124.0 74.0310 73
3661538 21 9124.0 66.0180 68
3542865 10 0124.0 70.0276 75
3246838 40 0124.0 82.0328 69
3257457 10 0124.0 80.0206 60
3656142 2115124.0 81.0197 63
3646255 10 0124.0 85.0291 80
3200745 10 0124.0 72.5290 87
3484540 2120124.0 76.0197 69
3314239 10 0124.0 80.0186102
3580855 11 4124.0 76.0308 68
3481140 20 0123.5 81.0230 65
3257949 1120123.5 78.0323 63
3391655 10 0123.0 81.0235 78
3557647  0 0123.0 87.0292 78
3487246 2130123.0 76.0250 78
3607644 20 0123.0 82.0226 70
3260762 21 3123.0 77.0286 86
3220949 1120123.0 69.0197 60
3563039 20 0123.0 92.5250 71
3222442 31  122.5 80.0225 90
3486253 30 0122.5 75.5252 71
3302942 30 0122.5 75.0188 68
3661935 20 0122.5 72.5208   
3384740 2115122.5 75.0200 67
3378668 1110122.0 70.0261 60
3372253 20 0122.0 80.0287 85
3503360 10 0122.0 74.0261   
3571047 1115122.0 70.0285 82
3235246 10 0122.0 76.0208 70
3697652 11 2122.0 81.0246 98
3256654 10 0122.0 88.5195 67
3248450 2110122.0 80.0220 72
3511238 20 0122.0 80.5220 77
3201541 21 9122.0 78.0206   
3372438 30 0122.0 81.0155 70
3251359 10 0122.0 70.0294100
3342240 3115122.0 81.0211 91
3265439 1120122.0 82.0325 93
3245162 10 0121.5 77.5224   
3505749 10 0121.0 82.0184 78
3683344 10 0121.0 81.0206 77
3388550 2120121.0 78.0235 78
3505457 10 0121.0 74.0300155
3365941 10 0121.0 83.0179 90
3626861 30 0121.0 78.0340 73
3660736 40 0121.0 66.0219 76
3564241 20 0121.0 61.5274 76
3276039 30 0121.0 78.5201 90
3612646 1160121.0 82.0285 79
3427441 3115120.5 76.0195 70
3691267 30 0120.0 83.0250 78
3472154 1120120.0 79.0231   
3587461 40 0120.0 67.0204 75
3357939 20 0120.0 79.5337 77
3349539 20 0120.0 80.0235 87
3613948 11 5120.0 81.0235 80
3476245 2115120.0 70.0258 72
3426543 11 1120.0 72.0186 86
3572940 3140120.0 80.0208 66
3506650 10 0120.0 75.5      
3267351 30 0119.0 80.0204 87
3345348 20 0119.0 80.0240 79
3312841 21 3119.0 73.0223 77
3430956 30 0119.0 80.0286 78
3270741 2110119.0 72.0169 74
3687644 10 0119.0 75.5229 88
3570665 1120119.0 82.5177 88
3680261 10 0119.0 78.0238 75
3261252 30 0118.5 69.0272 75
3371649 4140118.5 82.0222 87
3456447 10 0118.5 81.0346   
3246542 30 0118.5 74.5260 75
3498644 10 0118.5 87.0160   
3559748 4120118.0 73.0245102
3527836 11 5118.0 80.0180 84
3234648 40 0118.0 78.0200 98
3471941 40 0118.0 81.0240 80
3500946 10 0118.0 79.0212 72
3454639 2130118.0 76.0257 76
3389449 30 0118.0 78.0222 73
3482046 1120118.0 79.0219 90
3654739 2115118.0 75.5318 70
3473351 20 0117.5 77.5223 97
3567248 10 0117.5 80.0201 85
3575456 1120117.5 72.5212 75
3490452 10 0117.0 78.0266 88
3503436 40 0117.0 90.0194 87
3681959 1143117.0 73.0162 87
3334838 40 0116.5 74.0210 89
3289052 2120116.0 64.0243 70
3330045 2120116.0 87.0285 55
3649442 3110116.0 72.5175 95
3328249 20 0116.0 84.0239 76
3440450 1120116.0 69.0242 73
3341953 1110116.0 83.0366   
3699845 1110116.0 75.0230 77
3527160 1115116.0 82.0353 71
3243147 10 0116.0 82.0219 87
3681343 30 0115.5 68.0202 73
3535247 40 0115.0 82.0194 76
3300540 21 9115.0 72.0240 68
3231242 40 0115.0 79.0250 79
3466251 30 0115.0 75.0218 62
3338739 1140115.0 77.0251 98
3278061 10 0115.0 60.0    99
3435953 10 0115.0 61.0246 60
3478737 2120114.5 80.0272 57
3592642 2120114.5 76.0184 59
3544658 21 5114.0 72.5177   
3549550 40 0114.0 78.0220 83
3614744 11 9114.0 83.0273 65
3260039 20 0114.0 68.0175 93
3321538 1130113.0 68.0164 75
3498837  120113.0 81.0184 63
3415047 2115113.0 75.0246 68
3444348 2120113.0 87.0246 63
3474661 40 0113.0 70.0235 77
3548241 11 4113.0 75.0176 55
3391937 20 0113.0 83.0228 73
3546752 10 0113.0 76.5200 73
3583343 2115113.0 79.0165 72
3436856 20 0113.0 75.5225104
3361937 1120112.5 68.0200 67
3260659  0 0112.5 75.0298 89
3462339 1160112.0 65.0215 78
3381437 2130112.0 70.0249 76
3545448 10 0112.0 77.0251 88
3381744 10 0112.0 62.0192 82
3563257 20 0112.0 71.0163 78
3523741 20 0112.0 73.0213 74
3469944 3115112.0 68.0198   
3235540 20 0112.0 82.0222 85
3430059 1120111.5 67.0207 84
3668040 20 0111.0 79.0185 81
3437844 4125111.0 78.0241167
3590537 2120111.0 70.0229 70
3352144 4125111.0 79.0200 74
3327343 40 0110.5 66.0240 80
3289842 40 0110.0 65.0212 63
3359740 3130110.0 70.0190 72
3406550 2120110.0 74.0265 88
3455446 41 5110.0 80.0228127
3429847 31 2110.0 70.0232 82
3558047 31 5110.0 77.0237 83
3407658 2120110.0 80.0207 78
3210848 10 0110.0 84.0274 78
3336949 21 1110.0 71.0240 84
3584442 11 9109.5 67.0218 71
3617141 4130109.0 74.0289 86
3674545 2120109.0 72.0217 68
3413945 3115109.0 70.0266 71
3505355 21 3108.5 63.5252121
3429761 10 0108.5 71.0193   
3406145 30 0108.5 71.5225 80
3251040 20 0108.5 75.0233 73
3577543 1110108.0 76.0249 76
3635136 11 3108.0 74.0135 75
3686033 10 0108.0 67.0158 69
3622162 3120108.0 73.0300 80
3462756 1115108.0 70.0195117
3459041 2115107.5 68.0235113
3488240 41 3107.5 75.0230 76
3316446 31 5107.5 65.0291 78
3616046 20 0107.5 70.0244 88
3420344 4110107.0 70.5170   
3496846 4140107.0 82.0165 77
3263443 4120107.0 68.0265 95
3352239 10 0107.0 82.0153 82
3643738 40 0107.0 73.5220 80
3496452 10 0107.0 75.0266 98
3526939 1120106.0 80.0195132
3553144 11 8106.0 65.0351 69
3554540 20 0106.0 82.0173 83
3397939 40 0105.0 75.0241 87
3308250 31 3105.0 68.0200 68
3215842 10 0105.0 84.0197 67
3655347 3125105.0 74.0261 75
3584842 2110105.0 70.0173 79
3525855 10 0105.0 82.0231 66
3519039 2140105.0 67.5      
3354157 1120104.0 64.0193 87
3682840 2120104.0 74.0250   
3428839 1120104.0 64.0253 74
3500644 40 0104.0 78.0175 82
3552537 30 0104.0 65.0197 97
3441049 41 1103.0 65.0194 75
3694136 4140103.0 67.5200 72
3318638 21 9102.5 67.5160 68
3302648 1125102.0 66.5304 66
3354957 3120102.0 62.0267   
3564337 21 9102.0 72.0237 83
3315348 3120102.0 69.0187 72
3418761 20 0102.0 59.0219 62
3662451 10 0102.0 71.5244 77
3457649 1120101.0 61.0221 79
3387242 20 0101.0 75.0206 84
3361243 1115101.0 68.5179 76
3215242 10 0100.0 73.0160 93
3539743 2120 99.0 62.0276 80
3538736 21 1 98.0 66.0160 73
3331841 4120 97.0 63.0243 64
3297049 30 0 97.0 67.0238 77
3586840 20 0 97.0 63.0205 80
3584553  0 0 96.0 72.0185 82
3616248 20 0 96.0 70.0196 68
3459643 20 0 96.0 62.0213 80
3607857 10 0 96.0 64.0197 77
3643460 10 0 95.5 59.0260160
3492245 2115 95.0 58.0222 77
3436441 1115 95.0 57.0190 77
3222252 2115 94.0 66.5240 88
3619445 4110 93.5 58.0202 60
3490334 2110 92.5 70.0159 68
3643046 20 0 90.0 60.0232 82
3431138 11 9 90.0 70.0224 57
